-0.71655707,0.8746576,-0.4122403,5
-0.11701892,0.34679345,0.07248618,5
-0.52640819,-1.63471081,1.55425584,5
0.56498955,-1.02552414,1.23779863,5
-0.7720286,-3.45013142,2.92987464,5
-0.77779037,1.70075102,-1.14559112,5
0.1209244,-0.42969201,0.61731063,5
-0.77776228,1.669343,-1.13192704,5
-0.54695948,-0.95687733,0.87720341,5
-0.10692591,0.26606854,0.00871073,5
-0.76782896,1.61065761,-1.14836235,5
-0.50852306,-2.51320054,1.90405542,5
-0.54967952,-0.13319428,0.48289303,5
-0.11867613,-2.35198367,2.19906168,5
-0.7718339,1.75534013,-1.26365058,5
-0.76849587,1.9331767,-1.39869874,5
-0.76435474,1.72122176,-1.20586239,5
-0.77247949,1.87059259,-1.33773268,5
0.21872527,-3.76078574,3.30409609,5
-0.65499345,-0.94474184,1.16918983,5
-0.70595215,0.42554105,-0.03060326,5
-0.77201054,1.46247779,-0.88427047,5
-0.2780281,1.12626168,-0.58983815,5
-0.43061934,-4.51815662,3.81896013,5
-0.78059017,1.57048125,-0.94451276,5
-0.76626044,1.20497191,-0.72761466,5
-0.59992631,-0.24468815,0.36382672,5
-0.77860045,2.12488435,-1.51757781,5
0.06916735,-8.56958329,5.14262792,5
-0.76726807,1.95312397,-1.40289676,5
-0.76784546,1.76873146,-1.24971279,5
0.00327429,-1.07792813,1.29588744,5
-0.33002134,-1.10339482,0.94551728,5
-0.47979997,-0.14695629,0.34060325,5
-0.78199233,1.53509981,-0.9211371,5
-0.69344178,1.38679297,-0.60280663,5
-0.69164592,-4.01522567,2.77101576,5
-0.77285662,1.8771053,-1.338995,5
-0.71625632,0.76883736,-0.34223725,5
-0.59762615,-4.64407076,3.85114311,5
-0.28436817,-10.35220007,2.15631201,5
-0.76384794,1.52011419,-1.09599947,5
-0.76728917,1.75324268,-1.23973322,5
-0.68449514,-0.66815285,1.08435334,5
-0.77869946,2.0291957,-1.44834125,5
-0.62009356,-1.20851787,1.3500476,5
-0.67071352,1.74196816,-0.98842148,5
-0.76409306,1.52327236,-1.09678843,5
-0.77234605,1.96850205,-1.41366778,5
1.09937542,-5.73160864,3.87372174,5
-0.76393956,1.55320641,-1.06688226,5
3.65601581,-1.98518428,1.85026953,5
-0.78084382,1.52962917,-0.98732266,5
-0.71312424,1.28830299,-0.67008978,5
-0.76463287,1.55644756,-1.06767023,5
-0.61564177,0.44761276,-0.15371511,5
0.39966247,-2.05267606,1.88720809,5
-0.76114786,1.47293461,-1.03346356,5
-0.75827728,1.73593613,-1.24823051,5
-0.30623303,-0.08039207,0.47021403,5
-0.77110923,2.00265454,-1.4144502,5
-0.25387813,-2.45959721,2.14829156,5
-0.75392004,1.7704185,-1.21448768,5
-0.02695473,-10.95884581,9.85927039,5
1.88423779,-1.962951,1.84018773,5
-0.77882021,1.69945824,-1.13049059,5
-0.77606196,1.95211471,-1.36828628,5
9.72E-03,-1.00E+01,7.36E+00,5
-0.73340048,-1.43753454,1.83289991,5
-0.78279233,1.63549938,-1.04331656,5
-0.86643046,0.74564533,-0.33905082,5
-0.23788296,0.97280553,-0.40924129,5
-0.77077448,1.61651491,-1.08063447,5
-0.63961211,-0.03301322,0.44085764,5
-0.76506988,1.204567,-0.69859197,5
-0.46689929,-1.30768612,1.53007778,5
-0.64433006,-1.38608108,1.45049189,5
-0.26954345,-0.60477927,0.93109211,5
-0.78026441,1.98503656,-1.41467873,5
-0.43537298,0.45029967,-0.15617659,5
-0.77519709,2.0359749,-1.44827379,5
-0.77786386,1.97951934,-1.41957224,5
-0.21432006,-0.64980829,0.78072521,5
-0.23183443,0.76225505,-0.28034501,5
-0.1504268,-4.68087148,2.83407289,5
0.55449711,-1.33511945,0.76193783,5
-0.77003453,1.72173721,-1.23783729,5
-0.7794089,2.03430682,-1.44566047,5
-0.76737182,1.79695011,-1.26746065,5
-0.75276402,1.58235009,-1.08115668,5
-0.75964486,1.77628812,-1.2763912,5
-0.08889098,0.02883021,0.29366842,5
-0.33788294,-6.92145387,5.58832345,5
-0.76650513,1.73313092,-1.20845851,5
-0.7637669,1.70471684,-1.21724839,5
-0.77402846,0.45230463,-0.15776897,5
-0.71772716,0.5665575,-0.20159736,5
-0.71823925,1.03403954,-0.44067985,5
-0.77024063,1.71829167,-1.23406997,5
-0.74685123,-0.15213743,0.45612161,5
-0.7623129,1.66018016,-1.16168184,5
-0.85050911,0.32176098,0.04783237,5
-0.78151892,-0.38611927,0.67856129,5
-0.77607026,1.49923473,-0.88158688,5
-0.77916599,2.03417839,-1.44509471,5
9.72E-03,-1.00E+01,7.36E+00,5
-0.7695357,1.83667028,-1.22598495,5
-0.11911627,-0.27003169,0.37475035,5
0.046136,-1.44503995,1.5387133,5
-0.81691385,0.6180688,-0.18058451,5
-0.73944328,1.38185692,-0.67378114,5
0.41335106,-3.9348965,3.01198199,5
-0.86608853,1.85416604,-1.16941955,5
-0.95942903,-5.90223152,3.15611542,5
-0.73149945,1.15028603,-0.61824319,5
-0.12702059,-5.27118554,4.1986774,5
-0.77845165,1.56907155,-0.99506918,5
-0.59327206,-0.16835362,0.37849111,5
-0.76959059,1.65736242,-1.18623589,5
-0.46447292,-1.62553408,1.6346258,5
1.20962202,-0.49634375,0.6088968,5
-0.71077997,1.92242939,-1.13832131,5
-0.76697805,1.42769332,-0.90479584,5
-0.77598736,1.95125482,-1.368724,5
-0.76468843,1.61475674,-1.09193101,5
-0.77870211,2.02922625,-1.4483257,5
-0.75842993,1.76179081,-1.12480287,5
-0.76314292,-2.68451579,2.0060618,5
1.09913062,-5.74232724,3.88400177,5
-0.77585168,1.94969086,-1.3695201,5
-0.11005339,1.22893434,-0.75852395,5
-0.13566739,-5.19546432,3.77706214,5
-0.62537906,0.71038814,-0.37224121,5
-0.77776359,1.67872242,-1.13708843,5
-0.77762465,1.55361957,-1.00907617,5
-0.76451185,1.54000355,-1.11234715,5
-0.61105698,-1.15236225,1.18976283,5
-0.26789334,-0.20946767,0.55338703,5
-0.78021979,1.97858628,-1.41811045,5
-0.61513795,-1.13617056,0.97309993,5
-0.77037499,1.72357371,-1.23765028,5
-0.76544841,1.53632701,-0.98950686,5
-0.55174667,0.95272099,-0.49009865,5
-0.09975719,-2.40077981,2.16448448,5
-0.71449783,0.74070954,-0.3296334,5
-0.04248112,-7.36292479,3.39023165,5
-0.76382024,1.58546588,-1.06977331,5
-0.79873747,2.12363292,-1.43223683,5
-0.0725115,2.00744836,-0.65281003,5
-0.8253157,-0.12483772,1.00774056,5
0.00329974,-1.07356036,1.29286567,5
-0.77808929,1.68276518,-1.10037854,5
-0.77967619,1.93516329,-1.37402887,5
-0.77535787,1.56865834,-0.95771611,5
-0.75740124,1.71872824,-1.18947631,5
-0.76373872,1.51542209,-1.09171208,5
0.81947244,-0.84702046,0.94986321,5
273.4489801,1.26827248,-0.97677066,5
-0.28112561,-4.57188358,2.33361985,5
-0.76603217,1.58674257,-1.14984766,5
-0.61850159,-4.11999203,1.97541042,5
-0.19313234,-5.50412558,3.917447,5
0.56978171,-3.39373559,3.01135426,5
-0.79558489,1.24167921,-0.87509723,5
-0.75520251,-0.2166703,0.48457086,5
0.02162531,-5.48339305,3.30722298,5
-0.76578444,1.59481737,-1.15582155,5
-0.17920443,-6.04621838,4.61657864,5
-0.77875694,2.0298583,-1.44800397,5
0.20848089,-3.66446479,3.24431142,5
-0.6722243,0.02394494,0.40017502,5
-0.76831615,1.54803161,-1.03179705,5
-0.77846273,2.21396714,-1.58304124,5
-0.77753175,1.54495615,-1.01391669,5
-0.77679451,1.97994286,-1.42023574,5
-0.77820012,1.49005827,-0.92576005,5
-0.76969285,1.67861193,-1.18476636,5
-0.80661884,2.32520142,-1.5948776,5
-0.7159427,0.45162785,-0.15732045,5
-0.78566327,2.09128053,-1.44096092,5
-0.15045721,-1.02483707,1.00268321,5
-0.76466575,1.55038926,-1.11917369,5
-0.76662933,1.91082895,-0.69100323,5
-0.01007392,1.61425472,-0.85241646,5
-0.81785886,1.23073821,-0.71730336,5
-0.79012783,1.93751742,-1.42023427,5
-0.78236566,2.10733866,-1.50469729,5
-0.79003925,2.24773729,-1.6310195,5
-0.53332122,-7.86675246,6.07997109,5
-0.76443115,1.54069754,-1.06596574,5
-0.70709179,0.11948361,0.36598263,5
-0.76011043,1.7166682,-1.24497221,5
0.43191496,-1.80172765,1.52824436,5
-0.4731042,-0.70518429,0.79126569,5
-0.77878183,2.03014516,-1.44785794,5
-0.76674184,1.60168497,-1.16105859,5
-0.77264946,1.87535074,-1.34063858,5
-0.54192179,0.27525299,-0.00762716,5
-0.77608214,1.65864521,-1.05186187,5
-0.33754783,1.13897996,-0.60474238,5
-0.57399062,-5.27358461,4.35712602,5
0.18871646,-3.40323072,2.98648239,5
-0.68189135,0.80912051,-0.37521766,5
-0.77779024,2.02653971,-1.46809109,5
-0.7680945,1.79712059,-1.28434096,5
-0.60256092,1.1892024,-0.71504748,5
-0.65858023,-1.64019773,1.80728768,5
-0.08376585,-0.63244508,0.83374682,5
-0.76376318,1.51766006,-1.09408814,5
-0.7675473,1.25843796,-0.81765324,5
1.25916749,-1.71163531,1.84175561,5
-0.77267016,1.98137317,-1.31674154,5
0.79256775,-5.94605119,3.66320167,5
0.45138001,-0.9337695,1.14898292,5
273.4480646,1.2814663,-0.99274015,5
0.00755763,-2.47901799,2.13670165,5
-0.79391947,1.86911305,-1.21469361,5
2.93759817,-0.09729031,0.38887885,5
-0.78075696,1.45231959,-0.83411567,5
-0.36483293,-2.38125111,1.43414766,5
-0.77677408,1.46164558,-0.91962117,5
-0.77536602,1.73513625,-1.1948198,5
-0.24972133,-0.02764494,0.31394302,5
-0.77360964,1.85276465,-1.35622163,5
-0.72882367,1.15460648,-0.60568862,5
-0.75570971,1.58580624,-1.06028448,5
-0.77250416,1.87412007,-1.34179141,5
-0.54085318,-1.58964734,1.5731434,5
-0.76705789,1.60741964,-1.16272895,5
-0.7723019,1.873356,-1.34109797,5
-0.6485829,0.00864373,0.28942773,5
-0.76878892,1.47201904,-0.84555898,5
-0.77572464,1.98036658,-1.42089957,5
-0.28967662,-1.58617324,1.54511678,5
-0.73811048,1.20609414,-0.75407072,5
-0.75918353,1.66324322,-1.13480165,5
-0.76138258,1.78170958,-1.25802476,5
-0.76331656,1.62697859,-1.11750889,5
-0.91856649,-0.14556415,0.32317051,5
-0.71398783,0.41197342,-0.11737312,5
-0.79673642,1.23591508,-0.77934351,5
-0.77554709,1.96187277,-1.39012108,5
-0.57018601,0.4574325,-0.16239422,5
-0.34379593,-2.81196865,2.42062442,5
0.10984878,-5.46480585,3.99916417,5
0.13534278,-2.01383027,1.81350489,5
-0.89635668,-0.68293135,0.72733807,5
-0.69023864,-0.13270628,0.3292656,5
-0.71374271,1.36393127,-0.83366119,5
-0.76486043,1.58994653,-1.15274307,5
-0.67515477,0.02005961,0.26198933,5
-0.6086889,0.26506668,0.00605444,5
-0.76402701,1.52357115,-1.09716709,5
-0.31077217,0.00958756,0.39387456,5
-0.77409709,1.80768048,-1.25915362,5
-0.77305104,2.2157637,-1.48417708,5
-0.77295101,1.87790474,-1.33824613,5
-0.7614824,-7.02687855,4.17844521,5
-0.78241903,1.57733533,-0.97454647,5
-0.76170022,1.45058492,-0.93182567,5
-0.9592383,-5.85782638,3.11283428,5
-0.76921433,1.71275562,-1.23463371,5
-0.68730855,0.29774486,-0.02397941,5
-0.77439765,1.7260336,-1.22533754,5
-0.71662312,1.58397102,-0.78818166,5
-0.76565045,1.5747284,-1.13979513,5
-0.74108093,1.32554973,-0.80521111,5
-0.79011825,2.04455493,-1.41134355,5
-0.52544374,0.72209654,-0.2266138,5
-0.76889124,1.6338307,-1.14757705,5
-0.76366059,1.51450143,-1.09138617,5
-0.58442381,-6.76225072,4.03525739,5
-0.4588975,-2.76830046,2.56920378,5
-0.76844704,1.31376056,-0.82929992,5
5.74380012,-5.10969505,4.58008443,5
-0.76060284,1.59311621,-1.0727842,5
1.42610446,-0.618459,0.76977177,5
-0.05776153,0.5766878,-0.06464347,5
-0.77743465,1.55143068,-1.00628507,5
-0.69040048,0.21875189,0.10934903,5
-0.36461263,-0.31472497,0.67636035,5
-0.79060522,2.2509875,-1.63512668,5
-0.77245118,1.87367133,-1.34221176,5
-0.8184864,0.1165829,0.63032367,5
-0.7724853,1.87396035,-1.34194103,5
-0.7686869,1.66319249,-1.20994159,5
-0.78949888,2.244634,-1.62709798,5
-0.49226428,-2.52041746,2.10660046,5
-0.76731157,1.65096786,-1.0736303,5
-0.77944668,2.03780877,-1.44395691,5
-0.64659018,-4.37722954,3.20152486,5
-0.791718,2.05890761,-1.41492801,5
-0.76561361,1.81943068,-1.25218948,5
-0.77253872,1.84150275,-1.28825055,5
-0.76709998,1.56687368,-1.07766949,5
-0.77933191,2.03648584,-1.44463033,5
-0.75779976,1.86369888,-1.25862967,5
-0.76502495,1.72698843,-1.22499096,5
-0.41301027,-3.38532634,2.62657789,5
-0.77523095,1.9695208,-1.39685321,5
-0.76026934,1.45980774,-1.03150806,5
-0.68036204,0.67948748,-0.33492588,5
-0.21938012,-3.9230884,2.56721359,5
-0.76056502,1.47665506,-0.90751778,5
-0.77782651,1.97953413,-1.41959541,5
-0.46447361,-1.62604693,1.63497899,5
-0.3671847,-5.22042828,4.46693332,5
-0.76868704,1.68076295,-1.15130255,5
0.61884149,-6.04490281,4.30256342,5
-0.63755832,1.36802975,-0.01008925,5
0.28729933,-4.88557037,2.48875524,5
0.5104266,-3.98435353,1.43294695,5
-0.77739479,2.02982451,-1.44821553,5
-0.76835895,1.72266454,-1.18778311,5
-0.75723316,1.52140166,-0.9088415,5
0.98664853,-6.06137427,3.80519026,5
-0.5333075,-7.86330301,6.07708314,5
-0.78440271,0.76691574,0.02318513,5
-0.71574918,0.29056459,0.06757122,5
-0.23147002,-0.6679685,1.01144452,5
-0.77802278,1.7691051,-1.20912634,5
-0.75217286,1.48359794,-0.9786849,5
-0.68557922,0.69967096,-0.24911461,5
-0.79279514,1.79265464,-1.09907567,5
-0.7070598,0.71075652,-0.33040275,5
-0.77889595,2.03146063,-1.44718833,5
-0.71410805,0.41441193,-0.11982964,5
-0.7762981,1.95483659,-1.36690075,5
-0.77418644,1.49635069,-0.93913006,5
-0.77878562,2.03018887,-1.4478357,5
3.65941388,-1.9230706,1.77986352,5
-0.76984537,1.8083885,-1.26749477,5
-0.76467995,1.70259078,-1.23740566,5
-0.7767766,1.93402538,-1.43343337,5
-0.7726295,1.87518168,-1.34079695,5
-0.7557088,1.6427647,-1.18452486,5
-0.77858838,1.61002199,-1.03823438,5
-0.77656801,1.46284484,-0.90642624,5
-0.77164335,1.75431231,-1.26375525,5
-0.72209054,-1.09367329,1.26501011,5
-0.76402222,1.58281723,-1.14196692,5
0.56340402,-1.72090309,1.60885032,5
0.14376217,-0.71301002,0.89229408,5
-0.35001352,-0.26269668,0.4389503,5
-0.73328016,0.05674728,0.34542429,5
-0.37120822,1.3043,-0.80369184,5
0.42202803,-5.55090774,4.33357668,5
-0.63287781,-3.11858331,1.88229927,5
-0.78312282,2.08421197,-1.52655903,5
-0.77415315,1.81239984,-1.26777196,5
-0.75024879,1.30099799,-0.65426852,5
-0.7680235,0.87673503,-0.44599535,5
-0.7782612,1.56347731,-0.97392859,5
-0.71635669,0.01859545,0.39726587,5
-0.76989526,1.29617806,-0.77336299,5
-0.49650391,0.64949251,-0.06426051,5
-0.54393389,0.31051657,-0.04152277,5
-0.47731909,0.71697385,-0.14550585,5
-0.77085614,1.51438805,-0.94708384,5
-0.78009309,1.97863646,-1.41818906,5
-0.76598892,1.72679296,-1.21321768,5
-0.76318472,1.49768698,-1.07695123,5
-0.76792999,1.98130337,-1.40324901,5
-0.51993447,-7.01458014,4.40615095,5
-0.08376585,-0.63244508,0.83374682,5
-0.76508479,1.66459442,-1.19427812,5
-0.26908079,-0.05631017,0.32858745,5
-0.75497361,1.68506315,-1.207806,5
-0.76044682,1.51894587,-1.00772557,5
-0.27233822,-7.7839971,5.11644487,5
-0.26851728,0.99657882,-0.43849593,5
-0.66004199,-7.21594359,5.20421373,5
-0.77698867,1.62374217,-0.99320018,5
-0.72759058,1.60990157,-1.06812469,5
-0.76297181,1.50090086,-1.07838452,5
-0.13911896,-1.08707816,1.12203287,5
-0.14988391,-4.38821944,2.09653735,5
-0.76719535,1.6832821,-1.2120524,5
-0.77305104,2.2157637,-1.48417708,5
-0.65691039,-0.38970762,0.9891897,5
-0.58326037,-1.11660269,1.35305038,5
-0.77912786,1.42028764,-0.84220472,5
-0.75937884,1.62027251,-1.16700457,5
-0.74440406,-1.32813283,1.43811615,5
-0.76322486,1.49887892,-1.07776676,5
0.45711376,-0.78954442,1.05700026,5
-0.76338381,1.75890394,-1.21993859,5
-0.78307396,1.56649359,-1.02590743,5
-0.65329617,-0.39613428,0.99244301,5
-0.77260499,1.91021019,-1.3647076,5
-0.77245117,1.87367126,-1.34221183,5
-0.51114593,-0.72655304,0.97909024,5
-0.76456605,1.49391068,-0.93169585,5
-0.76672093,1.60472138,-1.16527114,5
-8.64E-01,-7.26E-04,3.40E-01,5
-0.75623718,1.15964684,-0.52352907,5
-0.77770075,2.02648208,-1.46794839,5
-0.77883809,2.03079373,-1.4475278,5
-0.77121534,1.38376205,-0.90466127,5
-0.5819008,-3.69445683,2.57173624,5
0.47662686,-3.48415022,1.86011671,5
-0.77283335,1.99041186,-1.45691622,5
-0.76480918,1.68522488,-1.21078562,5
-0.76451841,1.48608961,-0.9888618,5
-0.76553528,1.7126311,-1.20027489,5
-0.76341409,1.51597978,-1.08899897,5
-0.7717762,2.00239038,-1.41403636,5
-0.76457227,1.4695574,-0.96802918,5
-0.77668478,0.23614878,0.02921765,5
0.56717232,-0.93617339,0.97225018,5
-0.76952734,1.71444405,-1.23446178,5
-0.76572072,1.74593519,-1.23690456,5
-0.78061485,1.97842982,-1.41786532,5
0.01612341,-5.76674771,2.99891339,5
-0.76575968,1.74623802,-1.23770282,5
-0.45996588,-0.5519563,0.72664803,5
-0.77866089,1.55897316,-0.98617996,5
-0.7853352,0.80903727,-0.31025905,5
-0.56631965,1.22962593,-0.66359309,5
-0.4886417,-4.69761231,4.12620539,5
-0.76628271,1.71086779,-1.18436905,5
-0.76793112,1.66334926,-1.10263875,5
-0.70839004,0.57389435,-0.08296972,5
-0.02707925,-10.99649718,9.88612146,5
-0.3378201,-6.9088155,5.57827533,5
-0.79690152,1.2292297,-0.77180712,5
1.32495647,-2.26611155,1.99488682,5
-0.63158948,-4.30423833,3.93104254,5
-0.77079036,1.53266767,-1.02831935,5
-0.78940351,2.10253275,-1.40418766,5
0.61003565,0.82932459,-0.30298905,5
-0.76377214,1.59896785,-1.14222985,5
-0.53795551,-2.97303179,2.67985618,5
-0.59562347,0.39975186,0.00437172,5
-0.76625668,1.75010129,-1.24788628,5
-0.77294005,1.87781197,-1.33833303,5
-0.76311999,1.54763322,-1.1151562,5
-0.71735318,1.20972005,-0.54788503,5
-0.61269441,-1.26396852,1.24818316,5
-0.77115349,1.71378761,-1.20095764,5
-0.77051422,1.76933588,-1.23717707,5
0.10441843,-1.08443835,1.21892203,5
-0.77059176,1.77114324,-1.23830681,5
-0.77176375,1.75689703,-1.23498905,5
-0.77101785,1.73951225,-1.22412215,5
-0.70580285,-1.54520764,1.46110341,5
-0.7649117,1.59159766,-1.1541402,5
-0.60948611,-3.86108463,2.61444679,5
-0.15261692,-9.35940018,6.5458653,5
-0.65196583,-2.21412719,1.94625713,5
-0.68579783,-0.56987357,1.0229884,5
-0.77878558,2.03018839,-1.44783594,5
-0.71604433,0.4536893,-0.15939713,5
-0.66972228,0.75471828,-0.35354857,5
-0.76095686,1.77442877,-1.25420146,5
-0.76983642,2.00342555,-1.41532147,5
-0.7619951,1.7889479,-1.27191285,5
-0.75610775,0.21732301,0.15915507,5
-0.39338293,-3.37334051,2.49757589,5
-0.31625947,-5.94253407,3.88614019,5
-0.76892283,1.59955543,-1.1248873,5
-0.4087271,1.43951813,-0.1554649,5
-0.76003911,1.86457894,-1.30298807,5
-0.76864217,1.46876526,-0.91252077,5
-0.75206984,1.83283192,-1.26680359,5
-0.73822993,0.83173578,-0.33596018,5
0.01032108,-10.04247294,7.34922906,5
-0.76827169,1.48580513,-1.01324417,5
-0.66064123,-1.16999094,1.20863566,5
0.10604894,-3.93702569,3.26972154,5
-0.72786473,1.38897082,-0.84857982,5
-0.85906855,0.32793319,0.0438371,5
-0.77880202,2.03037795,-1.44773945,5
-0.75852099,1.69960109,-1.21500315,5
-0.77237362,1.87301445,-1.34282709,5
-0.77485648,1.0332225,-0.52965052,5
0.20848031,-3.66534068,3.24471061,5
-0.76190031,1.71013357,-1.2267073,5
-0.11049335,-1.16162411,1.13553348,5
-0.75613021,1.80791944,-1.31346818,5
-0.76401023,1.67618427,-1.19484498,5
-0.76920325,1.71725317,-1.2382939,5
-0.71395795,0.4113673,-0.11676252,5
-0.76819511,1.50375374,-1.02673993,5
-0.77295981,1.87797935,-1.33817624,5
-0.77938078,2.03704906,-1.44434363,5
-0.15296228,-9.35688379,6.60476276,5
-0.86549165,0.0312532,0.27663302,5
-0.72404436,1.25217437,-0.60272032,5
-0.77411177,1.98238818,-1.37680781,5
-0.35012374,0.09917503,0.38459406,5
-0.769149,1.72255007,-1.11466877,5
-0.76903097,1.61854133,-1.13641671,5
-0.72298668,0.84607067,-0.32487369,5
-0.10598084,-6.34990327,4.88338418,5
-0.7726149,2.00205822,-1.41351597,5
-0.77529732,1.34189181,-0.83188974,5
-0.77883881,2.03080199,-1.4475236,5
-0.7658794,1.63085266,-1.10584267,5
-0.71548404,0.44232389,-0.14794777,5
-0.4605995,-8.33116906,5.87629157,5
-0.79948128,2.28210231,-1.48238296,5
-0.67658204,-0.29253942,0.48068105,5
-0.77514412,1.46730507,-0.9065107,5
0.1849264,-7.13574502,4.20913129,5